785796153437585419
838862667791859763
897181117831086101
204300571488944128
534589798267224065
437808476106784770
704521096837464076
155149108183695360
159985870458322944
463379241929670656
458276816071950337
292953664492929025
681212298647568517
862272677968084992
785568066960359454
391694924942147586
416234594761965572
890853131779440670
801157724506685440
837823910485295124
879440033407451187
689097890983051309
881805863382298644
603142335022497803
808001974438985809
792335403616567306
709879160763580427
868151838099243089
895750071021342750
322664199715291136
695954953008709702
655516840574976030
884077668587417661
803323197096853617
890591280462196786
327915016604876804
455352638305730570
785796153437585419
803323197096853617
838862667791859763
897181117831086101
204300571488944128
884077668587417661
534589798267224065
437808476106784770
704521096837464076
155149108183695360
159985870458322944
463379241929670656
458276816071950337
292953664492929025
681212298647568517
862272677968084992
785568066960359454
391694924942147586
416234594761965572
890853131779440670
801157724506685440
837823910485295124
879440033407451187
689097890983051309
881805863382298644
603142335022497803
808001974438985809
792335403616567306
709879160763580427
868151838099243089
895750071021342750
322664199715291136
695954953008709702
655516840574976030
890591280462196786
327915016604876804
455352638305730570
785796153437585419
803323197096853617
838862667791859763
897181117831086101
204300571488944128
884077668587417661
534589798267224065
437808476106784770
704521096837464076
155149108183695360
159985870458322944
463379241929670656
458276816071950337
292953664492929025
681212298647568517
862272677968084992
785568066960359454
391694924942147586
416234594761965572
890853131779440670
801157724506685440
837823910485295124
879440033407451187
689097890983051309
881805863382298644
603142335022497803
808001974438985809
792335403616567306
709879160763580427
868151838099243089
895750071021342750
322664199715291136
695954953008709702
655516840574976030
890591280462196786
327915016604876804
455352638305730570
785796153437585419
838862667791859763
897181117831086101
322664199715291136
204300571488944128
884077668587417661
327915016604876804
534589798267224065
437808476106784770
704521096837464076
155149108183695360
159985870458322944
463379241929670656
458276816071950337
292953664492929025
681212298647568517
862272677968084992
785568066960359454
391694924942147586
416234594761965572
890853131779440670
801157724506685440
837823910485295124
879440033407451187
689097890983051309
881805863382298644
603142335022497803
808001974438985809
792335403616567306
709879160763580427
868151838099243089
895750071021342750
695954953008709702
655516840574976030
803323197096853617
890591280462196786
455352638305730570
785796153437585419
838862667791859763
897181117831086101
204300571488944128
884077668587417661
327915016604876804
534589798267224065
437808476106784770
704521096837464076
155149108183695360
159985870458322944
463379241929670656
458276816071950337
292953664492929025
681212298647568517
862272677968084992
785568066960359454
391694924942147586
416234594761965572
890853131779440670
801157724506685440
837823910485295124
879440033407451187
689097890983051309
881805863382298644
603142335022497803
808001974438985809
792335403616567306
709879160763580427
868151838099243089
895750071021342750
322664199715291136
695954953008709702
655516840574976030
803323197096853617
890591280462196786
455352638305730570
785796153437585419
897181117831086101
868151838099243089
204300571488944128
455352638305730570
534589798267224065
437808476106784770
704521096837464076
155149108183695360
159985870458322944
463379241929670656
458276816071950337
292953664492929025
681212298647568517
862272677968084992
785568066960359454
391694924942147586
416234594761965572
890853131779440670
801157724506685440
837823910485295124
879440033407451187
689097890983051309
838862667791859763
881805863382298644
603142335022497803
808001974438985809
792335403616567306
709879160763580427
895750071021342750
322664199715291136
695954953008709702
655516840574976030
884077668587417661
803323197096853617
890591280462196786
327915016604876804
785796153437585419
803323197096853617
792335403616567306
897181117831086101
322664199715291136
204300571488944128
884077668587417661
327915016604876804
455352638305730570
534589798267224065
437808476106784770
704521096837464076
155149108183695360
159985870458322944
463379241929670656
458276816071950337
292953664492929025
681212298647568517
862272677968084992
785568066960359454
391694924942147586
416234594761965572
890853131779440670
801157724506685440
837823910485295124
879440033407451187
689097890983051309
838862667791859763
881805863382298644
603142335022497803
808001974438985809
709879160763580427
868151838099243089
895750071021342750
695954953008709702
655516840574976030
890591280462196786
785796153437585419
838862667791859763
792335403616567306
897181117831086101
204300571488944128
884077668587417661
327915016604876804
455352638305730570
534589798267224065
437808476106784770
704521096837464076
155149108183695360
159985870458322944
463379241929670656
458276816071950337
292953664492929025
681212298647568517
862272677968084992
785568066960359454
391694924942147586
416234594761965572
890853131779440670
801157724506685440
837823910485295124
879440033407451187
689097890983051309
881805863382298644
603142335022497803
808001974438985809
709879160763580427
868151838099243089
895750071021342750
322664199715291136
695954953008709702
655516840574976030
803323197096853617
890591280462196786
785796153437585419
838862667791859763
792335403616567306
897181117831086101
204300571488944128
884077668587417661
327915016604876804
455352638305730570
534589798267224065
437808476106784770
704521096837464076
155149108183695360
159985870458322944
463379241929670656
458276816071950337
292953664492929025
681212298647568517
862272677968084992
785568066960359454
391694924942147586
416234594761965572
890853131779440670
801157724506685440
837823910485295124
879440033407451187
689097890983051309
881805863382298644
603142335022497803
808001974438985809
709879160763580427
868151838099243089
895750071021342750
322664199715291136
695954953008709702
655516840574976030
803323197096853617
890591280462196786
785796153437585419
792335403616567306
897181117831086101
204300571488944128
884077668587417661
327915016604876804
455352638305730570
534589798267224065
437808476106784770
704521096837464076
155149108183695360
159985870458322944
463379241929670656
458276816071950337
292953664492929025
681212298647568517
862272677968084992
785568066960359454
391694924942147586
416234594761965572
890853131779440670
801157724506685440
837823910485295124
879440033407451187
689097890983051309
838862667791859763
881805863382298644
603142335022497803
808001974438985809
709879160763580427
868151838099243089
895750071021342750
322664199715291136
695954953008709702
655516840574976030
803323197096853617
890591280462196786
